8,6
10011100
10101011
01001000
00100000
01000000
00000001

8,8
00000100
00000000
01000000
00000000
00010111
00010010
00001110
00010001

12,12
000111100100
111000100000
100010000100
011100101000
010000100000
100000010000
010010000000
100011000010
100100000100
000001101100
110000010000
000011101010


[
  8,
  6,
  [
    [ 2 ],    [ 1, 1 ],
    [ 1, 1 ], [ 1 ],
    [ 3 ],    [ 1 ],
    [ 1 ],    [ 1, 1 ]
  ],
  [ [ 1, 3 ], [ 1, 1, 1, 2 ], [ 1, 1 ], [ 1 ], [ 1 ], [ 1 ] ]
]

[
  8,
  8,
  [ [], [ 1 ], [], [ 2, 1 ], [ 1 ], [ 1, 1, 1 ], [ 3 ], [ 1, 1 ] ],
  [
    [ 1 ],    [],
    [ 1 ],    [],
    [ 1, 3 ], [ 1, 1 ],
    [ 3 ],    [ 1, 1 ]
  ]
]

[
  12,
  12,
  [
    [ 2, 1, 2, 1 ], [ 1, 2, 1, 1 ],
    [ 1, 1 ],       [ 1, 1, 1 ],
    [ 1, 1, 2, 1 ], [ 1, 1, 1, 1 ],
    [ 2, 2, 1, 1 ], [ 1, 1 ],
    [ 1, 1, 1 ],    [ 1, 1, 2 ],
    [ 1, 1 ],       []
  ],
  [
    [ 4, 1 ],    [ 3, 1 ],
    [ 1, 1, 1 ], [ 3, 1, 1 ],
    [ 1, 1 ],    [ 1, 1 ],
    [ 1, 1 ],    [ 1, 2, 1 ],
    [ 1, 1, 1 ], [ 2, 2 ],
    [ 2, 1 ],    [ 3, 1, 1 ]
  ]
]
